54 5 10
3 8 7 1 2
3 8 7 2 1
3 3 8 2 7
3 3 8 7 2
1 3 1
3 8 1 2 7
3 8 1 7 2
3 7 8 1 3
3 7 8 3 1
1 7 2
3 2 6 8 3
3 2 6 3 8
3 1 2 8 7
3 1 2 7 8
3 7 1 8 3
3 7 1 3 8
1 6 8
1 2 7
3 8 2 1 7
3 8 2 7 1
3 2 3 8 6
3 2 3 6 8
3 2 8 1 6
3 2 8 6 1
3 7 6 1 3
3 7 6 3 1
3 3 2 6 7
3 3 2 7 6
3 1 7 8 2
3 1 7 2 8
3 7 3 1 6
3 7 3 6 1
3 6 2 3 7
3 6 2 7 3
3 6 1 2 7
3 6 1 7 2
1 8 6
3 3 7 2 6
3 3 7 6 2
3 6 3 2 7
3 6 3 7 2
3 1 8 2 7
3 1 8 7 2
3 8 3 2 7
3 8 3 7 2
1 1 3
3 3 6 2 7
3 3 6 7 2
3 6 7 2 3
3 6 7 3 2
3 2 1 8 6
3 2 1 6 8
3 1 6 2 7
3 1 6 7 2
